Práctica 4 SWAP
Peticiones fallidas: 
0
0
0
0
0
0
0
0
0
0
Tiempo por segundo: 
26.75
35.24
34.24
32.55
33.72
31.87
31.52
29.27
33.18
28.40
Tiempo por peticion total: 
373.849


283.768


292.014


307.188


296.528


313.811


317.282


341.637


301.366


352.066


Peticiones fallidas: 
5001
5001
5000
4999
5000
5000
5000
5000
4999
5001
Tiempo por segundo: 
29.48
30.88
27.20
28.01
26.92
28.93
31.09
26.39
26.31
25.00
Tiempo por peticion total: 
339.250


323.789


367.607


356.998


371.511


345.675


321.651


378.996


380.151


399.958


Peticiones Fallidas: 
5000
5000
5000
5000
5000
5000
5000
5000
5000
5000
Tiempo por segundo: 
20.75
25.48
24.63
25.81
28.23
26.02
26.25
26.44
25.27
23.35
Tiempo por peticion total: 
481.844


392.464


406.068


387.458


354.273


384.362


380.956


378.253


395.744


428.199


